2.113864638886298E-12
0.0
0.0
16.304852252013873
0.0
0.0
0.0
37.47217604554664
0.0
0.0
0.0
0.0
138.25978864277388
77.57310600502696
0.0
0.0
36.613363783166434
123.84386280522615
116.35165088876292
3.9271447506440254
0.0
113.19141326302253
23.550098138528156
24.745419444162195
28.773661964011524
112.73312689621757
64.1304656583652
58.65404034474815
124.17744281959243
212.02184326140616
0.0
159.77660094897496
23.212416488685648
100.45696357957988
63.46285899371065
178.12796490630856
159.1328268280527
96.92747615721828
134.69275198307002
176.9899437099839
20.502981895507563
131.68991692355578
35.10469012956476
96.40812855643443
58.47251488039785
88.84635494360458
92.07973840876457
98.10574465455215
72.22735669605402
102.88313920483189
89.3026244741331
23.309951150331464
91.1646829760761
74.41230793654017
109.11003754792446
98.91047171757464
77.17587856114446
42.37305168876007
53.48143188771968
70.81643159924077
38.204861425491515
72.25771451166054
69.43071789846968
73.27780939660086
60.53563313115282
59.924279933004875
56.50813150358178
62.08132055911945
76.78088742250847
50.34831048751733
61.598730648120096
38.72076017532392
50.415514216106985
54.00700419463418
35.64226224372033
43.70521065180699
33.47986622039814
36.904282940320556
33.970273501061264
22.628607203096095
19.807651145156655
18.289474199552537
